💀,"Skull (I'm dead — extreme laughter, not literal death)",EMOJI,That video was so dumb 💀 I can't breathe.
😭,"Loudly Crying Face (used for laughing hard OR being touched, not sadness)",EMOJI,He tripped over the cat 😭 I'm crying.
🫠,"Melting Face (cringe, embarrassment, ironic self-awareness/acceptance)",EMOJI,Me realizing the meeting was 30 min ago 🫠
✨,"Sparkles (adds emphasis, magic, or sarcasm depending on tone)",EMOJI,Finally cleaned my room and now it's ✨ organized ✨.
🔥,"Fire (this is amazing, attractive, or impressive)",EMOJI,Your new haircut is 🔥.
🧢,Cap (that's a lie / you're exaggerating),EMOJI,You ran a marathon in 20 minutes? 🧢
🚩,Red Flag (a warning sign about someone's behavior),EMOJI,He still lives with his ex 🚩
🩵,"Light Blue Heart (platonic love, calm affection, close friendship)",EMOJI,Love you guys 🩵 best trip ever.
🩷,"Pink Heart (soft, sweet, affectionate — newer alternative to red heart)",EMOJI,Miss you so much 🩷
🩶,"Grey Heart (quiet, understated affection or solidarity)",EMOJI,Sending you strength today 🩶
🖤,"Black Heart (dark humor, edgy affection, or grief)",EMOJI,RIP to my phone screen 🖤
🤍,"White Heart (pure, calm, minimalist affection)",EMOJI,So grateful for this moment 🤍
🫶,Heart Hands (love you / support you / a virtual hug),EMOJI,Congrats on the new job 🫶
🥹,"Face Holding Back Tears (deeply moved, proud, or trying not to cry)",EMOJI,She surprised her mom with tickets home 🥹
🫡,"Saluting Face (respect, deal with it, mission accomplished)",EMOJI,Boss said no meetings Friday 🫡
🗿,"Moai / Stone Face (deadpan, no reaction, based, unbothered)",EMOJI,Someone: are you mad? Me: 🗿
🫨,"Shaking Face (shock, chaos, something wild just happened)",EMOJI,She said WHAT to him 🫨
🫥,"Dotted Line Face (feeling invisible, checked out, or awkwardly silent)",EMOJI,Me in group projects 🫥
🫤,"Face with Diagonal Mouth (meh, unimpressed, unsure)",EMOJI,"Tried the new restaurant, it was 🫤"
😮‍💨,"Face Exhaling (relief, letting go of stress, exasperation)",EMOJI,Finally submitted the report 😮‍💨
😵‍💫,"Face with Spiral Eyes (overwhelmed, dizzy, brain rot)",EMOJI,"Too many tabs open, my brain is 😵‍💫"
🙂‍↔️,"Head Shaking Horizontally (no, awkward denial, side-eye energy)",EMOJI,Do I want to go to work today 🙂‍↔️
🙂‍↕️,"Head Shaking Vertically (forced agreement, fake enthusiasm)",EMOJI,Boss: can you stay late? Me: 🙂‍↕️
🍄‍🟫,"Brown Mushroom (cozy, earthy, cottagecore aesthetic)",EMOJI,"Forest walk today, so 🍄‍🟫 core."
🫩,"Face with Bags Under Eyes (exhausted, sleep-deprived)",EMOJI,Finals week has me looking 🫩
💅,"Nail Polish (unbothered confidence, slay — feels slightly dated now)",EMOJI,Handled the drama and moved on 💅
👀,"Eyes (suspicious, watching closely, interested)",EMOJI,New update just dropped 👀
🤔,"Thinking Face (shady, sarcastic questioning, side-eye doubt)",EMOJI,You said you were 'busy' 🤔
🧠,Brain (used sarcastically or to hype up someone's smart move),EMOJI,She used her 🧠 and got a refund.
🫣,"Peeking Eye Face (watching something you shouldn't, shy confession)",EMOJI,Is it just me who reheats coffee 5 times 🫣
🧇,Waffle (stop waffling / stop talking nonsense),EMOJI,"Just answer the question, no 🧇"
🕯️,"Candle (manifesting, hoping, wishing for something)",EMOJI,🕯️ manifesting a good grade on this exam.
🧃,"Juice Box (gossip, drama, 'the juice')",EMOJI,Spill the 🧃 right now.
🤡,Clown (calling yourself or someone out as foolish),EMOJI,"Forgot my umbrella again, I'm a 🤡"
🙄,"Eye Roll (annoyed, unimpressed, sarcastic)",EMOJI,He said he'd text back 'in 5 min' 🙄
👍,Thumbs Up (can read as passive-aggressive or overly formal now),EMOJI,"Sure, 👍 whatever you say."
😎,"Sunglasses Face (cool, confident — often used ironically now)",EMOJI,Nailed the presentation 😎
🎯,"Bullseye (exactly right, on point, nailed it)",EMOJI,That prediction was 🎯
🎀,"Ribbon (cute, girly, soft aesthetic)",EMOJI,New room decor is giving 🎀
💫,"Dizzy Stars (dreamy, magical, overwhelmed)",EMOJI,That sunset was 💫
📈,"Chart Increasing (trending up, gaining popularity or improving)",EMOJI,My motivation is 📈 this week.
📉,"Chart Decreasing (declining, losing interest or momentum)",EMOJI,My patience is 📉 today.
🎭,"Performing Masks (putting on a show, performing for an audience)",EMOJI,"Posting the highlight reel, not the mess 🎭"
🪄,"Magic Wand (transformation, glow-up, unexpected upgrade)",EMOJI,"New haircut, new me 🪄"
🫧,"Bubbles (soft, floaty, dreamy aesthetic)",EMOJI,Spa day vibes 🫧
🪸,"Coral (coastal, earthy aesthetic — 'coastal grandmother' energy)",EMOJI,Beach house decor is so 🪸
🥀,Wilted Rose (this died / a plan or vibe that fell apart),EMOJI,Plans for tonight: 🥀
🎮,Game Controller (used as a stand-in for 'GG' or gaming reference),EMOJI,That round was rough 🎮
🪫,"Low Battery (drained, exhausted, burnt out)",EMOJI,Running on empty today 🪫
🔋,"Full Battery (recharged, energized, ready to go)",EMOJI,"Slept 9 hours, feeling 🔋"
🧍,"Standing Person (awkward silence, standing around with no purpose)",EMOJI,Me at parties where I know no one 🧍
🧍‍♂️,"Standing Man (awkward, out of place, socially stiff)",EMOJI,Him at the family reunion 🧍‍♂️
🧍‍♀️,"Standing Woman (awkward, out of place, socially stiff)",EMOJI,Her waiting for the joke to land 🧍‍♀️
🫰,"Finger Heart (affection, support, K-pop-inspired love gesture)",EMOJI,Sending love your way 🫰
🤌,"Pinched Fingers (chef's kiss, emphasis, 'exactly')",EMOJI,That outfit? 🤌 perfect.
🤏,"Pinching Hand (small amount, tiny detail, 'just a little')",EMOJI,Only need a 🤏 bit more time.
🫳,"Palms Down (dismissive, letting go, done with it)",EMOJI,Drama? 🫳 not today.
🫴,"Palms Up (offering, presenting, here you go)",EMOJI,Here's the plan 🫴
🫵,Pointing at Viewer (calling someone out directly),EMOJI,"Yes, 🫵 I'm talking to you."
🤙,"Shaka / Call Me Hand (chill, laid-back, 'we're good')",EMOJI,"No worries, all good 🤙"
🤟,"Love-You Gesture (affection, appreciation)",EMOJI,Thanks for always showing up 🤟
🤘,"Rock On (hype, excitement, celebrating)",EMOJI,We actually finished the project 🤘
🤞,Crossed Fingers (hoping for good luck),EMOJI,"Interview's tomorrow, 🤞"
🫱,Rightwards Hand (part of handshake/greeting combos),EMOJI,Meeting new people today 🫱
🫲,Leftwards Hand (part of handshake/greeting combos),EMOJI,Passing it along 🫲
🫸,"Pushing Hand Right (pushing something away, rejecting)",EMOJI,"Nah, keeping that energy away 🫸"
🫷,"Pushing Hand Left (pushing something away, rejecting)",EMOJI,"Bad vibes, stay back 🫷"
💯,"Hundred Points (fully agree, no doubt, perfect)",EMOJI,That advice was 💯
🙏,"Folded Hands (please, thank you, praying, gratitude)",EMOJI,Please let this work 🙏
🫂,"People Hugging (emotional support, comfort, virtual hug)",EMOJI,Sending a hug your way 🫂
🤗,"Hugging Face (warm, welcoming, comforting)",EMOJI,So happy to see you 🤗
🥲,"Smiling Face with Tear (bittersweet, forced smile through hardship)",EMOJI,Moved out today 🥲 growing up is hard.
😩,"Weary Face (overwhelmed, exasperated, 'I can't even')",EMOJI,Another deadline moved up 😩
😫,"Tired Face (exhausted, fed up)",EMOJI,Monday already 😫
🥵,"Hot Face (literally hot, or figuratively attractive/intense)",EMOJI,This heatwave is 🥵
🥶,"Cold Face (literally cold, or figuratively brutal/savage)",EMOJI,That comeback was 🥶 brutal.
🥴,"Woozy Face (dizzy, overwhelmed, or a little tipsy)",EMOJI,"One coffee too many, feeling 🥴"
😤,"Huffing Face (determined, frustrated, proud effort)",EMOJI,Finished the whole project alone 😤
😳,"Flushed Face (embarrassed, shocked, caught off guard)",EMOJI,He said what?! 😳
smirk,"Smirking Face (smug, flirty, knowing something)",EMOJI,I already knew the surprise smirk
😌,"Relieved Face (content, peaceful, satisfied)",EMOJI,"Finally, the weekend 😌"
😔,"Pensive Face (sad, down, emotionally heavy)",EMOJI,Missing home today 😔
🤤,"Drooling Face (craving something, desire)",EMOJI,That food pic has me 🤤
😇,"Halo Face (innocent, playing innocent, 'who, me?')",EMOJI,I definitely didn't eat the last slice 😇
👻,"Ghost (being 'ghosted', spooky, or playful teasing)",EMOJI,He just 👻 me after the date.
💩,"Poop (something bad, a mess, or used jokingly)",EMOJI,This week has been 💩
🤖,"Robot (something feels fake, AI-generated, or emotionless)",EMOJI,That reply sounds so 🤖
👽,"Alien (weird, out of this world, or literal alien humor)",EMOJI,That plot twist was 👽
🦋,"Butterfly (transformation, glow-up, 'entering my era')",EMOJI,She's really in her 🦋 era.
🌈,"Rainbow (hope, pride, positivity after hardship)",EMOJI,"After a rough week, finally seeing 🌈"
🌸,"Cherry Blossom (soft, delicate, spring aesthetic)",EMOJI,New skincare routine is so 🌸
🍑,"Peach (playful/suggestive, or literally a peach)",EMOJI,"Nice 🍑 emoji, very bold caption."
🍆,"Eggplant (playful/suggestive, classic meme reference)",EMOJI,That caption with the 🍆 was bold.
🧊,"Ice Cube (cold personality, savage, or literal ice)",EMOJI,She stayed 🧊 during the whole argument.
⚡,"Lightning Bolt (fast, sudden, electric energy)",EMOJI,Replied at ⚡ speed.
🌊,"Wave (going with the flow, big emotional wave, or literal ocean)",EMOJI,Riding the 🌊 of emotions today.
🦄,"Unicorn (rare, unique, magical/special)",EMOJI,Finding a good landlord is basically a 🦄.
🐐,Goat (Greatest Of All Time),EMOJI,That performance made him the 🐐.
🐢,"Turtle (slow, taking your time, sluggish)",EMOJI,My internet today: 🐢
🐍,"Snake (someone who betrayed you, sneaky behavior)",EMOJI,"Can't believe she told, such a 🐍"
📸,"Camera with Flash (capturing a moment, photo-worthy)",EMOJI,This view is 📸 worthy.
🎬,"Clapper Board (dramatic moment, 'scene', cinematic energy)",EMOJI,The way he walked in 🎬
💸,"Money with Wings (spending fast, money flying away)",EMOJI,"Rent day, money's 💸 already."
🤑,"Money-Mouth Face (excited about money, cha-ching)",EMOJI,Payday finally 🤑
🧧,"Red Envelope (luck, gifts, celebration — especially Lunar New Year)",EMOJI,"Happy new year, sending 🧧 vibes."
🏆,"Trophy (winning, achievement, top performance)",EMOJI,Team won the championship 🏆
🥇,"Gold Medal (first place, best of the best)",EMOJI,She got 🥇 in the competition.
🧩,"Puzzle Piece (things finally making sense, missing piece)",EMOJI,That explanation was the missing 🧩
⏳,"Hourglass (waiting, time running out, patience)",EMOJI,Waiting on that reply like ⏳
🚨,"Rotating Light (urgent alert, drama, or breaking news)",EMOJI,🚨 emergency meeting just got called.
⚠️,"Warning Sign (caution, heads up, potential issue)",EMOJI,"⚠️ spoilers ahead, don't scroll."
🛑,"Stop Sign (stop right there, that's enough)",EMOJI,🛑 do not send that text.
✅,"Check Mark (done, confirmed, agreed)",EMOJI,Task complete ✅
❌,"Cross Mark (no, rejected, incorrect)",EMOJI,That plan? ❌
🆕,New Button (something just launched or changed),EMOJI,🆕 episode just dropped.
🔁,"Repeat Button (on repeat, doing it again)",EMOJI,This song is on 🔁 all day.
🧵,"Thread (a long story, a Twitter/X thread)",EMOJI,"Started a 🧵 about it, read below."
📌,"Pushpin (pinned, important, save this)",EMOJI,📌 this for later.
🗂️,"Card File Box (organizing thoughts, sorting things out)",EMOJI,Finally got my life 🗂️ organized.
🧷,Safety Pin (holding it together barely),EMOJI,This week is held together with a 🧷
🪞,"Mirror (self-reflection, 'that's so me', relatable)",EMOJI,This post is a 🪞 moment for me.
🪩,"Mirror Ball (party energy, nightlife, celebration)",EMOJI,Friday night 🪩 mode activated.
🎇,"Sparkler (small celebration, exciting moment)",EMOJI,Little wins deserve a 🎇 too.
🎆,"Fireworks (huge celebration, exciting news)",EMOJI,She got the job 🎆
🕺,"Man Dancing (celebrating, hyped, feeling good)",EMOJI,"Got the promotion, time to 🕺"
💃,"Woman Dancing (celebrating, confident, feeling good)",EMOJI,"New dress, new confidence 💃"
🤸,"Cartwheel (excited, energetic celebration)",EMOJI,"Passed the exam, doing a 🤸"
🫦,"Biting Lip (flirty, nervous anticipation)",EMOJI,Waiting on that text like 🫦
👄,Mouth (used in reaction combos for shock or sass),EMOJI,Her response left me like 👄
👁️,"Eye (watching closely, suspicious, part of reaction combos)",EMOJI,👁️ that's suspicious behavior.
🥱,"Yawning Face (bored, uninterested, sleepy)",EMOJI,That meeting could've been an email 🥱
😪,"Sleepy Face (tired, drowsy, wanting to nap)",EMOJI,Only 9am and already 😪
😵,"Dizzy Face (overwhelmed, knocked out, confused)",EMOJI,"Too much info at once, I'm 😵"
🤯,"Exploding Head (mind blown, shocked)",EMOJI,"Wait, that's the plot twist?! 🤯"
🫱‍🫲,"Handshake (agreement, deal, collaboration)",EMOJI,New partnership announced 🫱‍🫲
🧑‍🍳,"Cook (someone did something impressively well, 'he's cooking')",EMOJI,"That verse was fire, he's 🧑‍🍳"
🍿,"Popcorn (watching drama unfold, entertained)",EMOJI,Grabbing my 🍿 for this thread.
🎪,"Circus Tent (chaotic, dramatic situation)",EMOJI,This group chat is a whole 🎪
🪦,"Tombstone (something is dead, over, or cancelled)",EMOJI,That trend is 🪦 now.
⏰,"Alarm Clock (reminder, wake-up call, time check)",EMOJI,⏰ reminder to drink water.
🧿,"Nazar Amulet (warding off bad energy, good luck)",EMOJI,Sending protective 🧿 energy your way.
🪬,"Hamsa (protection, good fortune)",EMOJI,🪬 for a smooth trip.
🫘,"Beans (random/no reason, or literal beans meme)",EMOJI,Why? 🫘 no reason.
🍄,"Mushroom (whimsical, cottagecore, or trippy aesthetic)",EMOJI,Forest aesthetic is very 🍄 right now.
🌻,"Sunflower (positivity, warmth, bright energy)",EMOJI,Choosing joy today 🌻
🪻,"Hyacinth (soft, calming aesthetic)",EMOJI,New candle scent is so 🪻
🍂,"Fallen Leaf (autumn mood, nostalgic, cozy)",EMOJI,Sweater weather is finally here 🍂
🫀,"Anatomical Heart (raw, real emotion — more intense than a red heart)",EMOJI,This song hits my 🫀
🦴,Bone (something is 'bare bones' or a dog-related joke),EMOJI,Budget plan is very 🦴 right now.
🪱,Worm (used ironically for something 'gross' or cringe),EMOJI,That pickup line was so 🪱
🦠,Microbe (spreading fast like a virus — trend or gossip),EMOJI,This meme is spreading like a 🦠
🫄,"Pregnant Person (announcing news, or used jokingly)",EMOJI,Big news coming soon 🫄
🧑‍🚀,"Astronaut (out of this world, spaced out, dreamy)",EMOJI,"Daydreaming in class, feeling 🧑‍🚀"
🛸,UFO (something unexpected or bizarre happened),EMOJI,That ending came out of nowhere 🛸
🪐,"Ringed Planet (dreamy, spaced out, big picture thinking)",EMOJI,"Thinking about the future, feeling 🪐"
🌙,"Crescent Moon (late night thoughts, calm, dreamy)",EMOJI,2am thoughts hit different 🌙
☁️,"Cloud (spacing out, daydreaming, light mood)",EMOJI,Head in the ☁️ today.
🫗,"Pouring Liquid (spilling the tea, sharing gossip)",EMOJI,"Okay, 🫗 time, here's what happened."
🍹,"Tropical Drink (vacation mode, relaxed vibes)",EMOJI,Mentally still on 🍹 mode.
🛼,"Roller Skate (retro, fun, nostalgic aesthetic)",EMOJI,Weekend plans: 🛼 and sunshine.
🪆,"Nesting Doll (layers, complexity, 'it's complicated')",EMOJI,This situation is a whole 🪆 of drama.
🧶,"Yarn (unraveling, cozy, or 'this is a whole thing')",EMOJI,This story is a tangled 🧶
🪡,"Sewing Needle (fixing something, stitching things together)",EMOJI,Trying to 🪡 this friendship back together.
🩹,"Adhesive Bandage (healing, recovering, patching things up)",EMOJI,Taking today to 🩹 and rest.
🫙,"Jar (storing memories, keeping something safe)",EMOJI,Keeping this memory in a 🫙
🪟,"Window (new perspective, opportunity opening up)",EMOJI,This internship is a 🪟 into the industry.
🚪,"Door (new opportunity, or closing a chapter)",EMOJI,Closing that 🚪 for good.
🌀,"Cyclone (chaotic, spiraling, overwhelming situation)",EMOJI,This week has been a total 🌀
🎐,"Wind Chime (calm, peaceful, gentle mood)",EMOJI,Rainy days feel so 🎐
🪅,"Piñata (celebration, festive energy, surprise reveal)",EMOJI,Birthday party was pure 🪅 energy.
🎊,"Confetti Ball (celebration, exciting news)",EMOJI,We hit 10k followers 🎊
🧑‍🎤,"Singer (main character energy, performing for the crowd)",EMOJI,She walked in like 🧑‍🎤
🕶️,"Sunglasses (cool, confident, effortlessly stylish)",EMOJI,"New look, new attitude 🕶️"
🛞,"Wheel (things are moving, in motion, progress)",EMOJI,Project's finally 🛞 rolling.
🪤,"Mouse Trap (a trap, a setup, or a red flag situation)",EMOJI,That 'too good to be true' deal was a 🪤
🫛,"Pea Pod (close friends, 'two peas in a pod')",EMOJI,We're basically a 🫛 at this point.
🍽️,"Fork and Knife with Plate (serving looks, delivering something impressively)",EMOJI,She 🍽️ served that outfit.
🪭,"Folding Hand Fan (dramatic flair, sass, K-pop aesthetic)",EMOJI,Reaction to the plot twist: 🪭
🫰🏽,"Finger Heart (Skin Tone) (affection, support, love)",EMOJI,Sending love to everyone 🫰🏽
🐦‍⬛,"Black Bird (ominous, dramatic, or symbolic bad omen)",EMOJI,That message felt like a 🐦‍⬛ moment.
🐦‍🔥,"Phoenix (rising after hardship, comeback energy)",EMOJI,"Bouncing back stronger, full 🐦‍🔥 mode."
🍽️‍,"Dining (special event, treat yourself moment)",EMOJI,Treating myself tonight 🍽️
🎙️,"Microphone (speaking up, sharing opinion, podcast energy)",EMOJI,Time to 🎙️ my thoughts on this.
🫃,"Pregnant Man / Puffed Belly (bloated, full after eating)",EMOJI,After that buffet I'm 🫃
🪀,"Yo-Yo (on-again-off-again, unpredictable situation)",EMOJI,This relationship is such a 🪀
🥋,"Martial Arts Uniform (discipline, handling something with skill)",EMOJI,Handled that conflict with total 🥋 energy.
🛹,"Skateboard (laid-back, effortlessly cool vibe)",EMOJI,Weekend mood: 🛹 and chill.
🪺,"Nest with Eggs (cozy home vibes, nesting, settling down)",EMOJI,Finally making our place feel like a 🪺
🧑‍🦯,Person with White Cane (used in accessibility-aware or supportive context),EMOJI,Great to see more 🧑‍🦯 representation.
🪷,"Lotus (calm, growth after hardship, mindfulness)",EMOJI,"Healing takes time, growing like a 🪷"
🫒,Olive (used jokingly for 'olive you' — I love you),EMOJI,🫒 you so much!
🍒,"Cherries (playful, sweet, flirty vibe)",EMOJI,That smile is so 🍒
🫓,Flatbread (used ironically for something flat/underwhelming),EMOJI,That joke fell so 🫓
🧑‍🦽,Person in Wheelchair (used in accessibility-aware or supportive context),EMOJI,"Great accessible ramp, love seeing 🧑‍🦽 friendly spaces."
🪴,"Potted Plant (growth, self-care, 'growing era')",EMOJI,"Focusing on myself, very 🪴 energy."
🦦,"Otter (cozy, cuddly, wholesome vibe)",EMOJI,This couple is so 🦦 coded.
🐿️,"Chipmunk (hoarding, saving up, squirreling things away)",EMOJI,"Saving every penny, 🐿️ mode."
🦩,"Flamingo (extra, flamboyant, standing out on purpose)",EMOJI,Her outfit was giving full 🦩 energy.
🐝,"Bee (busy, productive, 'stay busy' energy)",EMOJI,Finals week has me in full 🐝 mode.
🦖,T-Rex (playful reference to being 'behind the times' or awkwardly short-armed jokes),EMOJI,Trying to reach that shelf like 🦖
